122 220 652 856 892 
505 673 768 
110 
127 178 201 
159 915 
17 744 984 
664 930 
121 826 
465 541 
188 
115 467 650 666 753 
614 
81 97 1034 
64 934 
197 427 540 
645 992 
169 286 327 
772 774 893 
162 421 
146 1001 
625 789 
78 88 361 488 866 
1071 
168 221 381 553 
624 1010 
94 209 653 
53 184 234 256 409 798 
430 706 
68 278 919 
436 578 720 
223 697 812 
228 
86 539 834 
353 403 970 
16 259 676 
336 941 
85 405 608 
211 402 913 
124 996 
239 958 
175 203 320 
523 565 962 
151 251 344 426 462 579 680 911 1065 
316 
154 318 602 
415 464 
6 128 132 230 349 458 484 518 742 920 1059 
71 431 489 733 
145 1094 
100 150 660 
38 66 853 

392 442 1055 
125 674 756 
33 322 544 649 
279 976 
931 
5 359 
343 384 819 
70 945 999 
739 991 
254 491 
434 528 903 
569 630 918 
422 979 
294 
1048 1056 
319 865 
165 672 
459 
810 926 969 
437 685 1051 
44 308 370 454 716 949 
158 521 
873 904 
48 503 888 
213 309 335 497 
371 805 817 
483 686 
1003 1096 
441 977 
144 509 580 613 723 
696 1077 
134 457 731 876 902 
884 
500 549 596 647 
229 502 582 
654 787 933 1032 
567 
828 849 
193 558 718 
978 
112 885 
408 693 
141 
366 
241 527 555 707 1072 
45 605 796 
461 
301 338 591 807 
282 292 1007 
785 990 
288 609 724 730 921 937 
333 
28 447 471 896 

74 111 376 738 
87 399 637 
40 135 238 
595 909 1020 
24 944 1041 
313 453 701 
171 293 352 754 900 1082 
233 289 397 
152 481 
1047 
330 791 
520 656 721 898 1036 
56 80 172 1031 
26 35 501 1005 1095 
47 302 345 615 776 
37 548 923 1023 
444 587 767 822 880 963 
576 
170 198 948 
174 782 
15 759 957 
237 1049 
32 205 547 663 780 
272 813 850 1087 
757 973 
515 620 821 939 
149 280 743 
385 1035 
119 432 473 616 648 857 1021 
314 554 556 684 891 968 
93 240 794 972 
79 138 274 331 423 531 583 598 781 935 1039 1070 
262 340 493 936 
429 775 
604 
627 1004 
196 249 773 
180 552 584 
10 118 377 
393 611 1097 
670 1008 
62 147 901 
30 83 1016 1098 
43 1042 
284 669 818 
347 592 
737 947 1067 
390 728 1088 
20 267 875 
224 363 507 
25 639 1017 
232 752 
92 418 634 
164 708 1058 
217 640 
1081 
67 341 786 889 
350 777 1044 1099 
243 395 658 714 960 
299 300 510 
355 843 
266 277 966 1002 
448 494 
414 522 916 1052 
466 1062 
148 428 800 
104 212 404 681 1025 
199 225 622 
153 
342 827 1000 
113 365 845 1040 
166 382 688 
139 394 563 568 678 975 

691 749 846 980 
797 832 894 
60 187 298 
173 700 870 1091 
844 1086 
27 600 823 955 
219 626 816 
39 886 
140 179 577 638 682 748 815 877 952 
246 295 303 388 537 586 906 
635 

360 478 838 938 1011 
425 562 612 795 1057 
73 445 550 835 
76 129 868 
245 396 446 
3 210 
2 23 943 971 1050 
380 475 


202 364 852 1064 
283 368 607 690 1043 1090 
222 255 307 373 641 867 922 
215 226 636 683 1009 
831 1006 
41 927 950 1083 
123 511 
107 712 917 982 983 
61 271 369 438 761 
14 89 270 287 334 468 679 895 946 
13 114 258 269 357 389 410 651 751 
379 486 729 
102 629 809 
498 735 
191 727 
321 533 928 
667 694 860 

8 440 588 665 854 
176 323 543 
863 1028 
181 401 406 545 646 687 698 769 1012 
372 490 722 765 1063 
109 337 400 482 851 1024 1046 
326 339 
29 183 496 513 704 932 
557 560 610 965 988 1033 1073 
435 449 644 755 
90 136 788 820 964 
940 
98 186 824 985 
49 268 
383 719 734 1015 1075 1089 
242 386 526 783 
0 51 236 456 525 764 1038 
157 419 631 
163 182 306 317 514 524 668 713 760 
18 253 358 367 472 559 561 585 671 677 848 924 
214 275 479 758 763 799 840 1080 
96 200 204 351 487 661 1027 
31 206 711 
227 
126 378 

19 69 143 281 374 443 474 762 778 914 
77 263 273 433 594 633 881 
261 628 
231 247 460 655 675 741 959 1093 
290 997 
4 745 879 

116 276 328 407 621 
95 207 291 451 715 747 
11 46 703 
375 517 657 790 912 
1 103 130 469 643 878 951 1068 1084 
82 264 529 864 
420 858 998 
192 311 346 
42 452 702 841 
22 55 58 101 190 260 356 574 779 793 859 
91 593 897 967 
117 710 836 
536 692 732 
993 1037 
72 362 989 
84 304 324 412 571 766 925 
167 424 492 662 689 986 987 
534 882 1076 
506 530 
142 156 208 285 348 455 485 508 830 1045 1085 
9 52 535 1018 
108 632 784 833 837 
504 538 736 804 872 1079 
315 871 887 1013 
57 189 218 252 439 516 695 861 942 954 961 981 994 1030 

99 470 566 929 1078 
216 416 480 606 
297 512 
34 75 161 477 573 659 699 717 750 792 890 907 956 1074 
195 899 
120 603 642 814 910 
387 709 847 1029 
499 740 1060 
12 296 546 572 746 1019 
597 905 
63 312 325 463 619 801 808 855 874 883 1014 
244 542 1026 
519 551 601 825 
36 250 310 391 570 839 842 908 
160 305 417 
265 581 
7 354 564 
106 705 
59 194 476 802 1054 1066 
137 257 332 1069 

617 726 
54 495 599 
50 398 623 829 
411 
65 177 248 811 
185 
450 590 803 1061 1092 
131 133 155 532 575 618 725 770 806 953 974 
21 105 329 413 589 862 869 1022 1053 
235 771 995 
