122 220 382 395 652 856 
169 505 768 
110 
5 1035 
159 915 
744 984 
664 930 
53 121 
465 541 
137 188 
17 115 467 666 753 
614 
81 97 
64 973 
197 219 540 
421 983 
286 522 
772 774 893 
431 645 
416 1001 
625 789 
78 88 361 488 866 
740 1060 
125 168 221 
411 1010 
94 653 1032 
184 234 256 687 798 
706 
68 278 919 
66 578 676 
223 628 812 
228 452 
86 503 539 
403 529 970 
16 259 775 
6 644 755 
608 632 837 961 
211 402 913 
124 996 
239 958 
175 320 557 
523 565 962 
151 344 426 462 577 591 665 680 911 1065 
316 790 985 
83 154 602 
409 464 
128 132 318 336 349 484 518 629 742 941 1059 
21 71 733 
145 990 
100 150 660 
38 351 

229 442 846 
358 674 756 
33 70 322 544 
258 269 
931 
359 415 826 
227 343 384 
649 999 
739 1024 
254 491 
32 434 599 
569 630 918 
422 979 
896 
367 603 
319 865 
165 672 
459 
810 926 969 
437 685 1078 
44 279 308 370 454 949 
158 521 
366 873 
368 436 661 
213 309 335 497 
371 534 586 
483 686 
734 1003 1015 
441 977 
103 144 1056 
527 547 696 
134 731 767 871 876 902 
884 
500 549 596 647 
392 502 582 786 
24 560 654 933 
567 
716 849 
691 718 1055 
345 978 
112 885 
408 624 
141 300 
904 
247 555 684 1092 
246 417 796 852 
461 
301 338 458 807 
202 605 1007 
785 1094 
288 609 724 730 921 937 
98 282 597 
28 447 471 1022 
819 
74 111 376 738 1097 
399 637 794 
238 340 955 
40 135 595 909 
54 944 1041 
313 453 701 
171 293 519 754 900 1082 
289 292 509 
673 1021 
1047 
330 791 
656 721 898 948 1036 
56 80 172 1031 
26 35 501 1005 1095 
47 302 553 615 776 
37 548 923 1023 
444 587 822 880 963 
576 
198 520 943 
782 991 
15 759 957 
237 934 1049 
205 528 780 1077 
272 813 850 1087 
757 945 
515 620 821 939 
149 280 638 743 
385 697 
48 87 119 473 616 648 857 894 
147 264 314 717 803 864 968 
93 457 972 
79 138 274 331 423 531 583 598 892 935 1070 
262 493 936 
429 771 853 
604 
627 1004 
196 249 362 
180 312 584 
10 486 729 
393 611 710 
670 1008 
62 554 
30 1016 1098 
43 1042 
284 669 818 
347 592 
642 737 947 1067 
390 469 728 1068 1084 
20 153 267 
224 363 507 
639 841 1017 
232 752 
92 634 781 960 
61 579 1058 
217 327 640 
1081 
67 641 889 
350 777 1044 
243 658 714 1039 
299 510 
315 355 
266 277 966 1002 
448 494 1020 
414 
466 1034 1062 
148 481 800 
104 212 681 764 1051 
199 622 995 
843 
342 827 1000 
113 365 845 1040 
29 166 688 
139 394 563 568 678 828 

558 749 855 980 
268 797 832 
60 187 298 
173 700 870 1091 
844 1086 
27 600 823 
626 816 901 
39 353 498 886 
140 179 225 682 720 748 815 877 952 
295 303 388 456 537 817 878 
209 210 635 

233 360 478 838 938 
425 562 612 795 1057 
73 404 445 550 552 835 1025 
76 129 868 
245 396 446 
3 787 
2 23 170 971 1050 
475 617 


364 725 974 1064 
607 690 708 834 1043 1090 
194 222 255 373 867 922 
215 226 636 683 1009 
831 1006 
41 927 950 1083 
123 511 
107 195 712 917 982 
251 271 369 438 761 
89 270 287 334 418 468 679 895 946 
13 114 341 357 389 410 651 751 
118 377 379 
102 164 809 
203 735 
191 727 
533 928 
321 667 694 

8 440 588 854 976 
323 372 543 1052 
127 863 
85 181 406 439 545 646 698 769 994 
490 709 722 765 1063 
109 337 400 482 693 851 1046 
326 339 430 
183 496 513 704 932 
241 495 610 965 1072 1073 
230 435 449 920 
90 136 788 820 964 
940 
186 333 631 824 
49 283 
383 719 1075 1089 1096 
162 242 386 489 526 783 992 
0 45 51 236 525 1038 
157 419 1011 
163 176 182 306 317 524 668 713 760 
18 253 305 472 559 561 585 671 677 906 924 1076 
214 275 479 758 763 799 840 1080 
96 200 204 432 487 888 1027 
31 206 711 
860 
126 378 

19 69 143 281 374 443 474 762 778 914 
77 263 273 433 594 633 881 975 
178 201 261 
231 556 573 675 741 890 907 959 1093 
290 997 
4 192 879 

116 276 328 407 621 
95 207 451 715 747 1099 
11 46 703 
375 517 657 912 
1 14 130 397 643 951 1088 
82 460 988 1033 
420 858 998 
311 346 
42 702 
22 55 58 101 152 190 260 356 428 574 745 779 793 859 
91 593 897 967 
117 836 916 
536 806 
25 993 1037 
72 352 989 
84 304 324 412 571 766 925 
167 424 492 662 689 986 987 
380 882 
506 530 875 
142 156 208 285 348 455 485 808 830 1045 1085 
9 52 535 1018 
108 401 784 833 1012 
504 538 736 804 872 1079 
235 240 887 1013 
57 189 218 252 405 516 695 861 942 954 981 1030 

99 470 508 566 929 
216 307 480 572 606 
297 512 
75 161 427 477 655 659 699 750 792 956 1074 
825 899 
120 381 814 910 1048 
514 847 1029 
294 499 1071 
12 146 296 746 1019 
905 
63 193 291 325 463 619 801 874 883 1014 
244 542 1026 
551 601 773 
36 250 310 391 570 839 842 908 
160 580 613 723 848 
34 265 
7 354 564 
106 891 1061 
59 476 546 802 1054 1066 
257 332 387 1069 

650 726 805 
581 663 903 
50 398 623 829 
174 1028 
65 177 248 811 
185 
450 590 705 707 
131 133 155 532 575 618 692 732 770 953 
105 329 413 589 862 869 1053 

